<?xml version="1.0"?>
<opencv_storage>
<image_width>640</image_width>
<image_height>480</image_height>
<camera_matrix type_id="opencv-matrix">
  <rows>3</rows>
  <cols>3</cols>
  <dt>d</dt>
  <data>
    2.7429770875753406e+03 0. 320. 0. 3.8143921746186393e+03 240. 0. 0.
    1.</data></camera_matrix>
<distortion_coefficients type_id="opencv-matrix">
  <rows>1</rows>
  <cols>5</cols>
  <dt>d</dt>
  <data>
    -9.6666423484475583e+00 7.5887479692255215e+02 0. 0.
    -7.1799680025418984e+03</data></distortion_coefficients>
</opencv_storage>
